v2.0 raw
54
68
69
73
20
67
61
6d
65
20
69
73
20
22
53
65
61
20
42
61
74
74
6c
65
22
21
a
48
61
76
65
20
61
20
67
6f
6f
64
20
74
69
6d
65
21
a
a
a
a
a
a
43
6c
69
63
6b
20
74
68
65
20
22
52
65
64
20
42
75
74
74
6f
6e
22
20
74
6f
20
63
6f
6e
74
69
6e
75
65
2e
0
00
00
00
00
00
00
00
00
00
00
57
65
6c
6c
2c
20
77
65
20
6e
65
65
64
20
74
6f
20
61
72
72
61
6e
67
65
20
74
68
65
20
73
68
69
70
73
2e
a
54
68
65
72
65
20
69
73
20
61
20
6b
65
79
62
6f
61
72
64
20
62
65
6c
6f
77
2e
a
45
6e
74
65
72
20
74
68
65
20
63
6f
6f
72
64
69
6e
61
74
65
73
20
6f
66
20
74
68
65
20
73
68
69
70
73
a
49
20
77
69
6c
6c
20
61
73
6b
20
66
6f
72
2e
a
46
69
72
73
74
20
61
20
6c
65
74
74
65
72
2c
20
74
68
65
6e
20
61
20
64
69
67
69
74
2e
a
46
6f
72
20
65
78
61
6d
70
6c
65
3a
20
41
32
20
6f
72
20
61
32
a
a
43
6c
69
63
6b
20
74
68
65
20
22
52
65
64
20
42
75
74
74
6f
6e
22
20
74
6f
20
63
6f
6e
74
69
6e
75
65
2e
0
00
00
00
00
00
53
68
69
70
73
20
63
61
6e
6e
6f
74
20
62
65
20
6e
65
69
67
68
62
6f
72
73
2e
a
59
6f
75
20
77
69
6c
6c
20
68
61
76
65
3a
a
31
20
73
68
69
70
20
77
69
74
68
20
61
20
6c
65
6e
67
74
68
20
6f
66
20
34
2e
a
32
20
73
68
69
70
73
20
33
20
69
6e
20
6c
65
6e
67
74
68
2e
a
33
20
73
68
69
70
73
20
32
20
69
6e
20
6c
65
6e
67
74
68
2e
a
34
20
73
68
69
70
73
20
31
20
69
6e
20
6c
65
6e
67
74
68
2e
a
a
43
6c
69
63
6b
20
74
68
65
20
22
52
65
64
20
42
75
74
74
6f
6e
22
20
74
6f
20
63
6f
6e
74
69
6e
75
65
2e
0
00
00
00
00
00
00
00
45
6e
74
65
72
20
74
68
65
20
66
69
72
73
74
20
63
6f
6f
72
64
69
6e
61
74
65
a
6f
66
20
74
68
65
20
73
68
69
70
20
6f
66
20
6c
65
6e
67
74
68
20
34
a
a
a
a
a
a
43
6c
69
63
6b
20
74
68
65
20
22
52
65
64
20
42
75
74
74
6f
6e
22
20
74
6f
20
63
6f
6e
74
69
6e
75
65
2e
0
00
00
00
00
45
6e
74
65
72
20
74
68
65
20
73
65
63
6f
6e
64
20
63
6f
6f
72
64
69
6e
61
74
65
a
6f
66
20
74
68
65
20
73
68
69
70
20
6f
66
20
6c
65
6e
67
74
68
20
34
a
a
a
a
a
a
43
6c
69
63
6b
20
74
68
65
20
22
52
65
64
20
42
75
74
74
6f
6e
22
20
74
6f
20
63
6f
6e
74
69
6e
75
65
2e
0
00
00
00
45
6e
74
65
72
20
74
68
65
20
66
69
72
73
74
20
63
6f
6f
72
64
69
6e
61
74
65
a
6f
66
20
74
68
65
20
73
68
69
70
20
6f
66
20
6c
65
6e
67
74
68
20
33
a
a
a
a
a
a
43
6c
69
63
6b
20
74
68
65
20
22
52
65
64
20
42
75
74
74
6f
6e
22
20
74
6f
20
63
6f
6e
74
69
6e
75
65
2e
0
00
00
00
00
45
6e
74
65
72
20
74
68
65
20
73
65
63
6f
6e
64
20
63
6f
6f
72
64
69
6e
61
74
65
a
6f
66
20
74
68
65
20
73
68
69
70
20
6f
66
20
6c
65
6e
67
74
68
20
33
a
a
a
a
a
a
43
6c
69
63
6b
20
74
68
65
20
22
52
65
64
20
42
75
74
74
6f
6e
22
20
74
6f
20
63
6f
6e
74
69
6e
75
65
2e
0
00
00
00
45
6e
74
65
72
20
74
68
65
20
66
69
72
73
74
20
63
6f
6f
72
64
69
6e
61
74
65
a
6f
66
20
74
68
65
20
73
68
69
70
20
6f
66
20
6c
65
6e
67
74
68
20
32
a
a
a
a
a
a
43
6c
69
63
6b
20
74
68
65
20
22
52
65
64
20
42
75
74
74
6f
6e
22
20
74
6f
20
63
6f
6e
74
69
6e
75
65
2e
0
00
00
00
00
45
6e
74
65
72
20
74
68
65
20
73
65
63
6f
6e
64
20
63
6f
6f
72
64
69
6e
61
74
65
a
6f
66
20
74
68
65
20
73
68
69
70
20
6f
66
20
6c
65
6e
67
74
68
20
32
a
a
a
a
a
a
43
6c
69
63
6b
20
74
68
65
20
22
52
65
64
20
42
75
74
74
6f
6e
22
20
74
6f
20
63
6f
6e
74
69
6e
75
65
2e
0
00
00
00
45
6e
74
65
72
20
6f
6e
65
20
63
6f
6f
72
64
69
6e
61
74
65
20
66
6f
72
20
61
20
73
68
69
70
20
6f
66
20
6c
65
6e
67
74
68
20
31
a
a
a
a
a
a
43
6c
69
63
6b
20
74
68
65
20
22
52
65
64
20
42
75
74
74
6f
6e
22
20
74
6f
20
63
6f
6e
74
69
6e
75
65
2e
0
00
00
00
00
00
00
00
00
00
00
00
54
68
65
20
66
69
65
6c
64
20
69
73
20
62
65
69
6e
67
20
70
72
69
6e
74
65
64
2e
a
50
6c
65
61
73
65
20
77
61
69
74
21
a
20
20
20
50
6c
65
61
73
65
20
77
61
69
74
21
a
20
20
20
20
20
20
50
6c
65
61
73
65
20
77
61
69
74
21
a
20
20
20
20
20
20
20
20
20
50
6c
65
61
73
65
20
77
61
69
74
21
a
20
20
20
20
20
20
20
20
20
20
20
20
50
6c
65
61
73
65
20
77
61
69
74
21
a
20
20
20
20
20
20
20
20
20
20
20
20
20
20
20
50
6c
65
61
73
65
20
77
61
69
74
21
a
20
20
20
20
20
20
20
20
20
20
20
20
20
20
20
20
20
20
50
6c
65
61
73
65
20
77
61
69
74
21
0
00
00
00
00
00
00
00
00
00
00
59
6f
75
20
68
61
76
65
20
65
6e
74
65
72
65
64
20
61
6e
20
69
6e
63
6f
72
72
65
63
74
20
73
79
6d
62
6f
6c
73
2e
a
50
6c
65
61
73
65
20
74
72
79
20
61
67
61
69
6e
2e
a
a
a
a
a
a
43
6c
69
63
6b
20
74
68
65
20
22
52
65
64
20
42
75
74
74
6f
6e
22
20
74
6f
20
63
6f
6e
74
69
6e
75
65
2e
0
00
00
00
00
00
00
00
00
00
00
00
00
00
00
59
6f
75
20
68
61
76
65
20
65
6e
74
65
72
65
64
20
63
6f
6f
72
64
69
6e
61
74
65
73
a
6f
66
20
69
6e
63
6f
72
72
65
63
74
20
6c
65
6e
67
74
68
2e
a
50
6c
65
61
73
65
20
74
72
79
20
61
67
61
69
6e
2e
a
a
a
a
a
43
6c
69
63
6b
20
74
68
65
20
22
52
65
64
20
42
75
74
74
6f
6e
22
20
74
6f
20
63
6f
6e
74
69
6e
75
65
2e
0
00
00
00
00
59
6f
75
20
68
61
76
65
20
65
6e
74
65
72
65
64
20
69
6e
63
6f
72
72
65
63
74
20
63
6f
6f
72
64
69
6e
61
74
65
73
a
50
6c
65
61
73
65
20
74
72
79
20
61
67
61
69
6e
2e
a
a
a
a
a
a
43
6c
69
63
6b
20
74
68
65
20
22
52
65
64
20
42
75
74
74
6f
6e
22
20
74
6f
20
63
6f
6e
74
69
6e
75
65
2e
0
00
00
00
00
00
00
00
00
00
00
00
00
00
00
59
6f
75
72
20
63
6f
6f
72
64
69
6e
61
74
65
73
20
69
6e
74
65
72
73
65
63
74
a
77
69
74
68
20
6f
74
68
65
72
20
73
68
69
70
73
20
6f
72
20
61
72
65
20
74
68
65
69
72
20
6e
65
69
67
68
62
6f
72
73
2e
a
a
a
a
a
a
43
6c
69
63
6b
20
74
68
65
20
22
52
65
64
20
42
75
74
74
6f
6e
22
20
74
6f
20
63
6f
6e
74
69
6e
75
65
2e
0
00
00
00
54
68
65
20
73
68
69
70
20
77
61
73
20
73
75
63
63
65
73
73
66
75
6c
6c
79
20
64
65
6c
69
76
65
72
65
64
21
a
a
a
a
a
a
a
43
6c
69
63
6b
20
74
68
65
20
22
52
65
64
20
42
75
74
74
6f
6e
22
20
74
6f
20
63
6f
6e
74
69
6e
75
65
2e
0
00
4c
20
20
20
20
4f
4f
4f
4f
20
20
41
41
20
20
20
20
20
44
20
4f
20
4e
20
20
4e
20
20
47
47
a
4c
20
20
20
20
4f
20
20
4f
20
41
20
20
41
20
20
44
44
44
20
49
20
4e
4e
20
4e
20
20
20
20
47
a
4c
20
20
20
20
4f
20
20
4f
20
41
41
41
41
20
44
20
20
44
20
49
20
4e
20
4e
4e
20
47
47
20
47
a
4c
4c
4c
4c
20
4f
4f
4f
4f
20
41
20
20
41
20
20
44
44
44
20
49
20
4e
20
20
4e
20
20
47
47
a
a
a
a
50
6c
65
61
73
65
2c
20
77
61
69
74
21
0
00
54
68
65
20
62
6f
74
20
73
65
74
73
20
75
70
20
73
68
69
70
73
a
42
65
20
70
61
74
69
65
6e
74
2c
20
68
65
27
73
20
72
65
61
6c
6c
79
20
74
72
79
69
6e
67
2e
a
0
00
00
00
00
00
00
00
00
00
54
68
65
20
62
6f
74
20
68
61
73
20
61
72
72
61
6e
67
65
64
20
74
68
65
20
73
68
69
70
73
2e
a
a
a
a
a
a
a
43
6c
69
63
6b
20
74
68
65
20
22
52
65
64
20
42
75
74
74
6f
6e
22
20
74
6f
20
63
6f
6e
74
69
6e
75
65
2e
0
00
00
00
00
00
00
